[gd_scene load_steps=17 format=2]

[ext_resource path="res://assets/rooms/assemblies/Stalagmite_long.tscn" type="PackedScene" id=1]
[ext_resource path="res://assets/rooms/assemblies/inner_corner.tscn" type="PackedScene" id=2]
[ext_resource path="res://assets/rooms/assemblies/Separator_wall_with door.tscn" type="PackedScene" id=3]
[ext_resource path="res://assets/rooms/assemblies/front_cover.tscn" type="PackedScene" id=5]
[ext_resource path="res://assets/rooms/assemblies/patch_wall.tscn" type="PackedScene" id=6]
[ext_resource path="res://assets/rooms/assemblies/back_wall.tscn" type="PackedScene" id=7]
[ext_resource path="res://assets/rooms/hallway_cave.tscn" type="PackedScene" id=8]
[ext_resource path="res://assets/rooms/assemblies/Stalagmite.tscn" type="PackedScene" id=9]
[ext_resource path="res://assets/boulders/boulder_long.tscn" type="PackedScene" id=10]
[ext_resource path="res://assets/furniture/torch_wall.tscn" type="PackedScene" id=11]
[ext_resource path="res://assets/boulders/boulder_sharp.tscn" type="PackedScene" id=12]
[ext_resource path="res://assets/boulders/boulder_egg.tscn" type="PackedScene" id=13]
[ext_resource path="res://assets/boulders/boulder.tscn" type="PackedScene" id=14]
[ext_resource path="res://assets/rooms/assemblies/Stalagmite_small.tscn" type="PackedScene" id=15]
[ext_resource path="res://assets/small/raw_files/key.gltf" type="PackedScene" id=16]

[sub_resource type="Environment" id=1]
background_mode = 1
ambient_light_energy = 0.99
ambient_light_sky_contribution = 0.0

[node name="Spatial" type="Spatial"]

[node name="hall" type="Spatial" parent="."]

[node name="hallway_cave" parent="hall" instance=ExtResource( 8 )]

[node name="decor" type="Spatial" parent="hall/hallway_cave"]
transform = Transform( 1, 0, 0, 0, 1, 0, 0, 0, 1, -0.301284, 0, 0 )

[node name="Stalagmite" parent="hall/hallway_cave/decor" instance=ExtResource( 9 )]
transform = Transform( -1.051, 7.1337e-08, 0, -9.18813e-08, -0.816, 0, 0, 0, 1.007, 0.703646, 4.18997, 2.31021 )

[node name="Stalagmite_long" parent="hall/hallway_cave/decor" instance=ExtResource( 1 )]
transform = Transform( 1, 0, 0, 0, 1, 0, 0, 0, 1, 1.71313, 0.601003, -2.48369 )

[node name="boulder_long" parent="hall/hallway_cave/decor" instance=ExtResource( 10 )]
transform = Transform( 0.525739, 0, -0.850646, 0, 1, 0, 0.850646, 0, 0.525739, -2.09325, 0.271948, -0.326873 )

[node name="boulder_sharp" parent="hall/hallway_cave/decor" instance=ExtResource( 12 )]
transform = Transform( 0.971702, 0.0541155, -0.229928, -0.236211, 0.222615, -0.945858, 0, 0.973403, 0.229098, 0.984119, 3.88282, -3.45872 )

[node name="boulder" parent="hall/hallway_cave/decor" instance=ExtResource( 14 )]
transform = Transform( 2.07, 0, 0, 0, 2.07, 0, 0, 0, 2.07, 2.51786, 0.509106, -4.70313 )

[node name="boulder_egg" parent="hall/hallway_cave/decor" instance=ExtResource( 13 )]
transform = Transform( 1.669, 0, 0, 0, 1.541, 0, 0, 0, 1.369, 2.69002, 0.601, 1.2823 )

[node name="boulder_sharp2" parent="hall/hallway_cave/decor" instance=ExtResource( 12 )]
transform = Transform( 0.811859, -0.511585, -0.281363, 0.528931, 0.440401, 0.725451, -0.247218, -0.737786, 0.628136, -2.20041, 0.601, -1.85713 )

[node name="Stalagmite_small" parent="hall/hallway_cave/decor" instance=ExtResource( 15 )]
transform = Transform( 1, 0, 0, 0, -1, 0, 0, 0, 1, -0.774629, 4.40833, -3.00707 )

[node name="Stalagmite2" parent="hall/hallway_cave/decor" instance=ExtResource( 9 )]
transform = Transform( 1.051, 0, 0, 0, 0.816, 0, 0, 0, 1.007, 1.8329, 0.358145, 3.57457 )

[node name="Stalagmite_long2" parent="hall/hallway_cave/decor" instance=ExtResource( 1 )]
transform = Transform( 0.32, 0, 0, 0, 1, 0, 0, 0, 0.32, -2.12402, 0.601, 1.91125 )

[node name="boulder_long2" parent="hall/hallway_cave/decor" instance=ExtResource( 10 )]
transform = Transform( -0.455432, 0.168913, -0.8741, 0.0246763, 0.983854, 0.177265, 0.889929, 0.0591623, -0.452246, 0.0321244, 0.264217, -2.40214 )

[node name="geometry" type="Spatial" parent="hall/hallway_cave"]

[node name="Separator_wall" parent="hall/hallway_cave/geometry" instance=ExtResource( 3 )]
transform = Transform( 1, 0, 0, 0, 1, 0, 0, 0, -1, 0.294735, 0.601, 7.19006 )

[node name="patch2" parent="hall/hallway_cave/geometry" instance=ExtResource( 6 )]
transform = Transform( 0.999355, -0.035729, -0.00716216, 0.0354228, 0.997202, -0.135486, 0.00582259, 0.065668, 2.05352, -3.04748, 1.55565, -6.30415 )

[node name="back_cover3" parent="hall/hallway_cave/geometry" instance=ExtResource( 7 )]
transform = Transform( -1, 0, 0, 0, 1, -1.19438e-07, 0, 1.50996e-07, 0.791, 0.0841913, 0.481888, -1.00687 )

[node name="back_cover4" parent="hall/hallway_cave/geometry" instance=ExtResource( 7 )]
transform = Transform( -1, 0, 0, 0, 1, -1.19438e-07, 0, 1.50996e-07, 0.791, 0.0841913, 0.481888, -6.59795 )

[node name="inner_corner" parent="hall/hallway_cave/geometry" instance=ExtResource( 2 )]
transform = Transform( -4.37114e-08, 0, 1, 0, 2, 0, -1, 0, -4.37114e-08, 2.49552, 0, 6.10696 )

[node name="hallway_cave2" parent="hall" instance=ExtResource( 8 )]
transform = Transform( 1, 0, 0, 0, 1, 0, 0, 0, 1, 0, 0, -12.4228 )

[node name="decor" type="Spatial" parent="hall/hallway_cave2"]
transform = Transform( 1, 0, 0, 0, 1, 0, 0, 0, 1, -0.301284, 0, 0 )

[node name="Stalagmite" parent="hall/hallway_cave2/decor" instance=ExtResource( 9 )]
transform = Transform( -1.051, 7.1337e-08, 0, -9.18813e-08, -0.816, 0, 0, 0, 1.007, -0.31706, 4.524, 5.12963 )

[node name="Stalagmite_long" parent="hall/hallway_cave2/decor" instance=ExtResource( 1 )]
transform = Transform( 1, 0, 0, 0, 1, 0, 0, 0, 1, -1.56748, 0.601003, 0.649232 )

[node name="patch2" parent="hall/hallway_cave2" instance=ExtResource( 6 )]
transform = Transform( 0.999355, -0.035729, -0.00716216, 0.0354228, 0.997202, -0.135486, 0.00582259, 0.065668, 2.05352, -3.04748, 1.55565, -6.30415 )

[node name="back_cover3" parent="hall/hallway_cave2" instance=ExtResource( 7 )]
transform = Transform( -1, 0, 0, 0, 1, -1.19438e-07, 0, 1.50996e-07, 0.791, 0.0841913, 0.481888, -1.00687 )

[node name="back_cover4" parent="hall/hallway_cave2" instance=ExtResource( 7 )]
transform = Transform( -1, 0, 0, 0, 1, -1.19438e-07, 0, 1.50996e-07, 0.791, 0.0841913, 0.481888, -6.59795 )

[node name="hallway_cave3" parent="hall" instance=ExtResource( 8 )]
transform = Transform( 1, 0, 0, 0, 1, 0, 0, 0, 1, 0, 0, -24.3305 )

[node name="decor" type="Spatial" parent="hall/hallway_cave3"]
transform = Transform( 1, 0, 0, 0, 1, 0, 0, 0, 1, -0.301284, 0, 0 )

[node name="Stalagmite" parent="hall/hallway_cave3/decor" instance=ExtResource( 9 )]
transform = Transform( -1.051, 7.1337e-08, 0, -9.18813e-08, -0.816, 0, 0, 0, 1.007, -0.0680134, 4.18997, 6.74069 )

[node name="Stalagmite_long" parent="hall/hallway_cave3/decor" instance=ExtResource( 1 )]
transform = Transform( 1, 0, 0, 0, 1, 0, 0, 0, 1, 0.941471, 0.601003, 1.94679 )

[node name="patch2" parent="hall/hallway_cave3" instance=ExtResource( 6 )]
transform = Transform( 0.999355, -0.035729, -0.00716216, 0.0354228, 0.997202, -0.135486, 0.00582259, 0.065668, 2.05352, -3.04748, 1.55565, -6.30415 )

[node name="back_cover3" parent="hall/hallway_cave3" instance=ExtResource( 7 )]
transform = Transform( -1, 0, 0, 0, 1, -1.19438e-07, 0, 1.50996e-07, 0.791, 0.0841913, 0.481888, -1.00687 )

[node name="back_cover4" parent="hall/hallway_cave3" instance=ExtResource( 7 )]
transform = Transform( -1, 0, 0, 0, 1, -1.19438e-07, 0, 1.50996e-07, 0.791, 0.0841913, 0.481888, -6.59795 )

[node name="front_cover2" parent="hall/hallway_cave3" instance=ExtResource( 5 )]
transform = Transform( -4.37114e-08, 0, -1, 0, 1, 0, 1, 0, -4.37114e-08, 7.60487, 5.40343, -7.04249 )

[node name="Camera" type="Camera" parent="."]
transform = Transform( 1, 0, 0, 0, 1, 0, 0, 0, 1, 0, 2.47772, 6.04004 )

[node name="key" parent="." instance=ExtResource( 16 )]
transform = Transform( 0.307317, 0, -1.97625, 0, 2, 0, 1.97625, 0, 0.307317, 1.19416, 0.616855, 0.822494 )

[node name="torch_wall" parent="." instance=ExtResource( 11 )]
transform = Transform( -4.35618e-08, 0.0826691, 0.996577, 3.61358e-09, 0.996577, -0.0826691, -1, 0, -4.37114e-08, -3.03787, 2.67259, 2.61915 )

[node name="torch_wall2" parent="." instance=ExtResource( 11 )]
transform = Transform( -4.37114e-08, -0.0826691, -0.996577, 0, 0.996577, -0.0826691, 1, -3.61358e-09, -4.35618e-08, 3.17766, 2.53666, 2.61915 )

[node name="torch_wall3" parent="." instance=ExtResource( 11 )]
transform = Transform( -4.35618e-08, 0.0826691, 0.996577, 3.61358e-09, 0.996577, -0.0826691, -1, 0, -4.37114e-08, -2.89358, 2.67259, 0.727869 )

[node name="torch_wall4" parent="." instance=ExtResource( 11 )]
transform = Transform( -4.37114e-08, -0.0826691, -0.996577, 0, 0.996577, -0.0826691, 1, -3.61358e-09, -4.35618e-08, 3.04542, 2.53666, 0.727869 )

[node name="WorldEnvironment" type="WorldEnvironment" parent="."]
environment = SubResource( 1 )
